0.139 
0.961 
-1.48 
-0.175 
-0.58 
-0.0763 
-0.643 
0.41 
-0.475 
0.616 
-0.977 
1.55 
0.517 
0.0208 
-0.516 
-0.0521 
-0.0228 
0.668 
1.73 
1.22 
0.774 
-0.442 
-0.98 
1.74 
-0.417 
-0.0709 
0.999 
-0.662 
0.385 
1.06 
-1.24 
0.521 
-1.03 
-2.7 
0.0159 
0.466 
-1.99 
-0.758 
-0.368 
0.753 
-0.229 
-0.835 
-0.51 
0.397 
-1.53 
-0.35 
1.29 
-0.297 
0.231 
-0.512 
0.697 
0.365 
0.707 
-0.368 
-0.812 
0.803 
-0.944 
0.472 
-0.551 
0.81 
-0.0181 
0.532 
-0.268 
-0.258 
1.03 
-2.03 
-0.212 
0.847 
-0.641 
-0.851 
-0.882 
-1.27 
0.22 
-0.964 
1.6 
0.291 
-0.698 
-0.698 
-1.68 
-0.966 
-1.09 
0.965 
0.644 
0.496 
-1.45 
-1.08 
0.469 
-0.502 
-0.87 
2.35 
-0.212 
-0.687 
-0.453 
-0.0571 
-0.693 
0.056 
0.144 
0.282 
0.161 
-0.701 
0.694 
-0.138 
-0.412 
-0.595 
1.02 
-0.51 
-1.08 
0.0247 
0.663 
-1.67 
-0.293 
-0.487 
0.701 
-0.937 
0.612 
0.172 
-0.727 
-1.18 
-0.43 
-0.292 
-0.31 
-0.919 
0.658 
-1.01 
-0.176 
-2.04 
1.98 
-0.607 
-0.722 
-0.421 
-0.644 
0.715 
0.563 
-0.948 
-1.19 
-0.511 
0.445 
-1.5 
0.14 
1.97 
0.106 
-1.22 
0.0275 
1.3 
0.853 
1.49 
0.937 
1.33 
-0.802 
-0.351 
1.69 
1.28 
-0.258 
0.663 
-1.14 
0.663 
0.134 
1.01 
-1.1 
0.473 
0.946 
0.994 
0.0386 
-1.63 
-0.141 
2.08 
-1.08 
-0.0598 
-2.56 
-1.86 
2.62 
0.684 
1.83 
-0.491 
-1.1 
0.656 
0.857 
-0.0849 
-0.0521 
1.87 
0.596 
1.79 
0.632 
-1.47 
-0.882 
-1.96 
-1.36 
-1.22 
0.234 
1.81 
0.704 
-1.9 
-0.0209 
2.05 
0.319 
1.88 
-0.248 
2.44 
-0.227 
1.19 
-0.85 
0.867 
0.199 
-0.771 
0.178 
1.32 
-0.55 
-1.16 
-0.915 
0.685 
-0.17 
1.27 
0.0263 
-2.26 
-1.17 
0.456 
2.19 
1.65 
1.11 
-1.36 
-0.0745 
-0.516 
2.11 
-0.0714 
-1.05 
-0.299 
1.64 
0.354 
-1.6 
0.156 
2.49 
0.24 
0.337 
-1.31 
-2.2 
-0.177 
-1.63 
-0.854 
1.15 
2.63 
0.966 
-0.851 
0.176 
0.0966 
-1.45 
-0.0335 
1.08 
-0.385 
-1.82 
-0.216 
0.267 
0.166 
1.48 
0.288 
-0.383 
-0.407 
0.515 
-1.06 
1.68 
-0.753 
-1.46 
0.575 
0.724 
-0.441 
-0.662 
-0.297 
0.943 
0.519 
0.206 
0.447 
-0.906 
1.81 
0.288 
-0.583 
1.36 
-1.87 
0.259 
1.08 
0.229 
-1.03 
-1.21 
1.99 
0.878 
-0.163 
-2.55 
-0.76 
-0.0738 
-0.52 
1.14 
-1.32 
-0.402 
0.0191 
0.171 
1.8 
-1.31 
-0.865 
0.403 
-1.03 
-0.866 
-0.249 
0.295 
1.31 
1.42 
0.366 
1.89 
1.33 
-0.928 
-1.76 
-0.307 
-0.511 
0.102 
1.46 
0.0614 
-0.678 
-1.64 
0.513 
-0.566 
-0.415 
-0.134 
0.616 
0.796 
0.623 
1.64 
0.783 
1.51 
0.0867 
0.0586 
0.971 
1.03 
0.216 
1.2 
0.0625 
0.518 
-1.08 
0.494 
-1.46 
0.0906 
-0.00592 
0.973 
-1.9 
-0.505 
0.85 
1.39 
2.05 
0.204 
-0.454 
-0.0693 
-0.896 
-0.0185 
-0.527 
-0.616 
0.729 
-0.665 
0.506 
0.634 
0.123 
0.47 
0.978 
-0.0377 
0.541 
0.949 
1.97 
-0.496 
-0.697 
1.48 
1.68 
-0.43 
0.814 
0.0709 
-0.456 
0.337 
-0.122 
0.134 
-0.0253 
2.4 
0.602 
-0.319 
-1.14 
0.0817 
0.69 
0.508 
0.228 
-0.925 
1.74 
1.19 
-0.972 
0.25 
1.2 
0.537 
0.897 
0.0265 
0.809 
-0.0519 
0.407 
1.76 
0.395 
0.237 
0.199 
0.934 
2.36 
-2.4 
1.51 
-0.998 
-0.469 
-1.22 
-1.39 
-0.913 
-1.14 
-0.774 
0.793 
1.46 
0.603 
-0.33 
-0.474 
0.576 
0.877 
-1.03 
0.361 
-0.0623 
-0.891 
1.52 
0.0207 
1.14 
2.03 
-0.238 
0.457 
-1.58 
2.59 
1.64 
1.33 
-1.6 
0.062 
-1.43 
0.416 
-1.42 
-1.22 
-0.603 
-0.584 
-1.09 
0.838 
-0.853 
0.569 
1.68 
0.723 
-0.353 
1.47 
2.31 
0.315 
0.22 
1.54 
-0.814 
-0.944 
-0.0276 
-1.35 
2.02 
0.596 
0.08 
-0.642 
1.57 
0.763 
1.14 
-1.38 
0.621 
-0.872 
-0.121 
1.46 
-0.0676 
-0.643 
1.23 
-0.56 
0.0676 
-1.33 
0.284 
-2.49 
0.434 
-0.974 
-0.295 
-0.668 
-0.333 
-0.5 
1.05 
-0.944 
0.00699 
-0.5 
-1.35 
0.0503 
-0.526 
0.123 
0.0188 
-0.233 
-0.369 
0.552 
0.0164 
-0.173 
-1.47 
-0.332 
0.287 
-0.317 
-2.36 
-0.547 
1.94 
1.02 
0.314 
1.86 
0.214 
-0.75 
1.33 
0.279 
-0.537 
0.404 
0.105 
-0.0347 
0.256 
1.27 
-1.08 
-0.685 
0.421 
1.02 
-0.267 
2.33 
0.409 
0.533 
0.309 
-2.81 
0.93 
-0.951 
1.75 
1.43 
0.0178 
-2.26 
-1.26 
0.922 
0.0971 
0.0714 
0.991 
1.27 
-0.226 
-0.307 
0.459 
-0.361 
-0.471 
2.31 
-1.05 
-1.23 
1.54 
-0.546 
1.18 
-0.491 
0.658 
0.0326 
0.0632 
-0.265 
-0.17 
0.00851 
1.41 
0.934 
-0.354 
1.97 
0.435 
0.853 
1.21 
0.175 
-2.14 
0.681 
-0.842 
-1.94 
-0.998 
-1.31 
-0.75 
1.91 
-0.905 
1.43 
-0.207 
-1.78 
-0.962 
-0.263 
-1.17 
-0.938 
3.31 
-1.06 
-1.4 
1.63 
-0.269 
-0.469 
-0.371 
-0.836 
0.281 
-0.842 
-0.864 
-0.0422 
0.116 
-1.36 
0.292 
-0.0546 
-0.501 
0.955 
-1.92 
1.75 
-0.0671 
0.572 
-0.508 
0.17 
1.42 
-1.41 
-0.604 
-0.233 
-0.869 
-0.913 
-1.7 
2.16 
-1.92 
-0.193 
0.103 
1.3 
0.3 
-0.503 
-0.124 
1.49 
-1.32 
0.928 
-0.103 
-0.81 
2.08 
-0.194 
1.25 
-1.38 
-1.24 
-0.519 
0.227 
-0.0925 
0.188 
0.554 
1.13 
0.147 
0.312 
-0.851 
-0.712 
-1.86 
1.5 
0.0342 
-0.0437 
-1.51 
0.485 
-0.35 
-0.156 
0.0902 
-0.909 
0.47 
1.15 
0.604 
-0.431 
-0.972 
-0.659 
0.194 
0.811 
-0.409 
0.623 
1.41 
1.44 
-0.511 
1.45 
0.279 
-0.952 
-0.329 
-1.19 
-0.716 
0.123 
0.2 
-0.22 
0.391 
0.224 
-0.0621 
0.0405 
-0.482 
0.464 
2.12 
-0.637 
0.301 
-0.265 
-0.27 
-1.34 
0.231 
-1.28 
0.027 
1.6 
0.0114 
-0.431 
-0.514 
0.989 
-0.307 
0.178 
0.432 
-0.0601 
-0.255 
0.0189 
0.515 
-1.51 
-1.41 
-0.362 
1.27 
-1.51 
0.721 
-0.028 
-0.906 
-0.931 
-0.342 
0.33 
0.563 
1.1 
-0.745 
-0.145 
1.13 
0.622 
-1.14 
1.69 
-1.17 
-0.0191 
-1.29 
1.07 
1.54 
0.609 
-1.28 
-1.3 
-1.04 
0.634 
-0.0577 
-1.09 
1.06 
0.298 
-0.921 
0.445 
1.85 
-1.26 
0.763 
-0.241 
0.174 
1 
-0.526 
0.722 
-0.0521 
1.31 
0.875 
-0.17 
0.0828 
-2.06 
0.502 
-0.297 
0.19 
-0.567 
-0.178 
0.605 
1.1 
0.636 
0.802 
0.24 
-0.507 
0.386 
-0.768 
-0.725 
0.701 
-0.429 
-0.054 
0.729 
-0.713 
0.471 
0.589 
0.0814 
-0.56 
-1.35 
-1.1 
-1.4 
2.07 
-1.63 
-1.11 
-0.694 
-0.422 
-0.289 
-0.535 
0.926 
1.41 
0.405 
-3.03 
0.877 
-0.175 
-1.66 
-2.52 
0.303 
0.616 
0.603 
-0.822 
0.817 
-0.776 
-0.595 
-0.0139 
0.432 
-1.1 
-1.53 
-0.172 
1.6 
-0.588 
0.795 
-0.3 
-0.116 
-0.941 
1.4 
-0.168 
1.58 
0.464 
1.01 
1.43 
-1.2 
0.126 
-0.362 
-0.168 
-1.53 
-0.364 
-0.915 
-0.23 
-2.33 
-0.055 
0.455 
0.488 
0.0199 
-0.197 
0.369 
-0.12 
-0.528 
0.178 
-0.548 
1.77 
0.204 
0.000705 
0.106 
-0.913 
-1 
0.525 
-0.235 
0.308 
0.698 
0.861 
-1.3 
0.37 
1 
0.629 
1.26 
-1.45 
0.351 
-0.881 
0.599 
2.5 
0.971 
-0.0398 
0.818 
0.465 
0.106 
0.484 
0.311 
0.603 
-0.157 
-1.38 
-0.778 
-0.0227 
-1.44 
0.441 
-0.154 
0.618 
0.201 
-0.109 
-0.728 
-1.32 
-0.353 
-0.444 
0.626 
0.112 
1.32 
0.31 
1.28 
-2.11 
-0.269 
0.999 
0.0713 
0.276 
-0.41 
-0.23 
0.0642 
1.31 
-1.26 
0.159 
-0.691 
0.0191 
0.434 
0.85 
-1.87 
-0.789 
0.92 
-0.0352 
-0.379 
-0.525 
1.03 
-0.972 
-0.156 
-0.807 
-0.15 
0.552 
-0.298 
-0.189 
-0.806 
0.325 
-2.39 
-0.979 
-0.683 
2.11 
0.378 
1.18 
-1.79 
1.47 
-0.0714 
-0.509 
3.12 
0.553 
0.215 
-0.151 
-1.31 
-0.885 
-0.357 
-0.884 
0.559 
0.958 
0.833 
0.258 
0.751 
-0.467 
-0.255 
1.19 
1.5 
0.46 
-0.63 
1.83 
-0.00903 
-0.256 
0.923 
-1.15 
0.144 
-1.08 
-0.592 
-0.791 
0.0433 
-0.459 
1.06 
1.3 
0.11 
0.168 
1.05 
-0.272 
0.424 
0.798 
-0.391 
1.15 
2.26 
0.587 
1.31 
1.58 
1.81 
0.0953 
-0.136 
0.925 
-0.896 
0.645 
-1.13 
-1.35 
-0.586 
1.32 
-0.0321 
0.717 
0.0477 
0.693 
0.488 
2.15 
-0.255 
0.532 
-0.2 
-0.567 
-0.638 
1.06 
1.53 
1.03 
1.02 
1.62 
-0.221 
-0.244 
-2.22 
0.0303 
-1.31 
-0.189 
-0.249 
-0.897 
0.949 
-1.19 
-0.689 
0.288 
