6 
12 
13 
11 
10 
6 
11 
8 
15 
8 
9 
11 
4 
20 
6 
7 
6 
13 
14 
16 
15 
12 
8 
11 
9 
11 
12 
8 
10 
9 
10 
8 
11 
10 
9 
4 
10 
10 
13 
9 
10 
10 
12 
14 
11 
4 
12 
3 
3 
5 
8 
7 
10 
16 
6 
9 
11 
11 
13 
11 
13 
10 
14 
8 
8 
8 
12 
10 
11 
16 
12 
12 
12 
12 
13 
10 
9 
13 
9 
12 
8 
15 
8 
6 
12 
3 
5 
10 
16 
4 
7 
11 
11 
11 
13 
8 
13 
14 
2 
14 
8 
14 
12 
10 
8 
7 
3 
8 
12 
6 
7 
6 
13 
10 
3 
4 
10 
8 
5 
8 
7 
10 
12 
7 
14 
12 
14 
13 
8 
8 
10 
13 
5 
7 
7 
8 
11 
11 
5 
11 
13 
3 
8 
11 
8 
5 
13 
12 
9 
14 
5 
9 
8 
12 
12 
11 
8 
9 
6 
12 
17 
10 
14 
9 
18 
15 
10 
11 
10 
5 
8 
5 
6 
6 
8 
10 
9 
15 
11 
11 
10 
12 
12 
9 
10 
11 
10 
9 
5 
2 
8 
10 
8 
4 
10 
5 
9 
11 
13 
12 
9 
12 
10 
7 
10 
17 
12 
4 
10 
14 
8 
9 
7 
9 
7 
14 
14 
10 
14 
9 
6 
10 
9 
7 
13 
8 
6 
8 
8 
15 
6 
7 
6 
10 
11 
11 
10 
11 
10 
13 
8 
7 
11 
9 
13 
13 
8 
8 
14 
9 
4 
11 
11 
15 
12 
4 
11 
3 
11 
10 
9 
3 
8 
11 
17 
16 
8 
9 
7 
6 
14 
9 
8 
11 
13 
14 
17 
8 
9 
13 
7 
12 
10 
4 
12 
17 
6 
9 
9 
8 
12 
8 
5 
11 
6 
14 
9 
13 
11 
9 
8 
16 
13 
16 
5 
15 
6 
7 
9 
10 
13 
9 
10 
7 
13 
6 
12 
8 
10 
7 
8 
10 
9 
10 
12 
16 
9 
6 
8 
8 
7 
15 
15 
6 
10 
10 
11 
11 
10 
13 
4 
8 
9 
16 
13 
11 
11 
13 
9 
14 
13 
16 
8 
8 
18 
9 
17 
7 
8 
9 
9 
9 
7 
11 
7 
6 
8 
8 
19 
16 
8 
5 
15 
7 
4 
15 
9 
7 
16 
9 
18 
7 
15 
10 
13 
12 
12 
10 
8 
9 
10 
9 
18 
10 
5 
7 
6 
17 
12 
4 
9 
6 
10 
9 
11 
12 
8 
9 
11 
9 
6 
6 
15 
6 
7 
6 
5 
10 
15 
12 
5 
9 
12 
7 
14 
6 
11 
12 
8 
10 
15 
14 
9 
9 
13 
9 
8 
9 
13 
13 
10 
11 
14 
14 
10 
11 
13 
8 
10 
7 
12 
9 
16 
10 
12 
13 
8 
7 
9 
12 
4 
12 
13 
13 
8 
7 
16 
7 
11 
9 
13 
12 
4 
6 
11 
9 
8 
10 
7 
12 
8 
6 
4 
9 
11 
10 
8 
7 
12 
13 
10 
6 
13 
13 
11 
9 
7 
14 
11 
